129063
12906
129064
129065
129066
129067
129068
129069
129070
129071
129072
129073
129074
129075
129076
129077
129078
129079
129080
129081
129082
129083
129084
129085
129086
129087
129088
129089
129090
129091
129092
129093
129094
129095
129096
129097
129098
129099
129100
129101
129102
129103
129104
129105
129106
129107
129108
129109
129110
129111
129112
129113
129114
129115
129116
129117
129118
129119
129120
129121
129122
129123
129124
129125
129126
129127
129128
129129
129130
129131
129132
129133
129134
129135
129136
129137
129138
129139
129140
129141
129142
129143
129144
129145
129146
129147
129148
129149
129150
129151
129152
129153
129154
129155
129156
129157
129158
129159
129160
129161
129162
129163
129164
129065
129066
129067
129068